scores: [0.869451270177344, 0.8483505514906318, 0.8690929833261632, 0.8778379628545192, 0.7881126776827003, 0.9883663162705558, 0.8197151253181205, 0.8513705628253747, 0.8538146158151172, 0.9734687585399706, 0.8206310017160398, 0.9343632927255658, 0.8658793256868638, 0.8930329202054645, 0.8630533876649376, 0.8270421440070747, 0.9631720186368267, 0.8500621294635107, 0.8964204584118363, 0.9901606542593437]
evaluation_score: 0.882
cost: 0.40873
